# X Y
1.000000000000000056e-01 9.900498337491682802e-03
2.000000000000000111e-01 3.920794693227021982e-02
3.000000000000000444e-01 8.734009801936576389e-02
4.000000000000000222e-01 1.537263102643717516e-01
5.000000000000000000e-01 2.378073561251785040e-01
5.999999999999999778e-01 3.390352320903295413e-01
7.000000000000000666e-01 4.568729717539147250e-01
8.000000000000000444e-01 5.907944616874469812e-01
9.000000000000000222e-01 7.402842600696948328e-01
1.000000000000000000e+00 9.048374180359595176e-01
1.100000000000000089e+00 1.083959303708799338e+00
1.200000000000000178e+00 1.277165428872707009e+00
1.300000000000000266e+00 1.483981278255749103e+00
1.400000000000000133e+00 1.703942141381659781e+00
1.500000000000000222e+00 1.936592946956380734e+00
1.600000000000000089e+00 2.181488099753501331e+00
1.700000000000000178e+00 2.438191319963549208e+00
1.800000000000000266e+00 2.706275484972522349e+00
1.900000000000000133e+00 2.985322473535537924e+00
2.000000000000000000e+00 3.274923012311927284e+00
2.100000000000000089e+00 3.574676524728525262e+00
2.200000000000000178e+00 3.884190982138396642e+00
2.300000000000000266e+00 4.203082757242637690e+00
2.400000000000000355e+00 4.530976479743348939e+00
2.500000000000000444e+00 4.867504894196282628e+00
2.600000000000000089e+00 5.212308720032108766e+00
2.700000000000000178e+00 5.565036513715660327e+00
2.800000000000000266e+00 5.925344533012888881e+00
2.900000000000000355e+00 6.292896603335734085e+00
3.000000000000000444e+00 6.667363986135463882e+00
3.100000000000000089e+00 7.048425249315420693e+00
3.200000000000000178e+00 7.435766139634596428e+00
3.300000000000000266e+00 7.829079457073677695e+00
3.400000000000000355e+00 8.228064931135769200e+00
3.500000000000000444e+00 8.632429099054242272e+00
3.600000000000000089e+00 9.041885185880563114e+00
3.700000000000000178e+00 9.456152986425387041e+00
3.800000000000000266e+00 9.874958749026419014e+00
3.900000000000000355e+00 1.029803506111708700e+01
4.000000000000000000e+00 1.072512073657022924e+01
4.099999999999999645e+00 1.115596070479152857e+01
4.200000000000000178e+00 1.159030590153760087e+01
4.299999999999999822e+00 1.202791316143412104e+01
4.399999999999999467e+00 1.246854511216961470e+01
4.500000000000000000e+00 1.291197007034091015e+01
4.599999999999999645e+00 1.335796193892655026e+01
4.700000000000000178e+00 1.380630010636486205e+01
4.799999999999999822e+00 1.425676934721348488e+01
4.900000000000000355e+00 1.470915972436783115e+01
5.000000000000000000e+00 1.516326649281583627e+01
5.099999999999999645e+00 1.561889000490703516e+01
5.200000000000000178e+00 1.607583561711405906e+01
5.299999999999999822e+00 1.653391359826499851e+01
5.400000000000000355e+00 1.699293903922553994e+01
5.500000000000000000e+00 1.745273176400971948e+01
5.599999999999999645e+00 1.791311624229883037e+01
5.700000000000000178e+00 1.837392150334796170e+01
5.799999999999999822e+00 1.883498105126012589e+01
5.900000000000000355e+00 1.929613278160818979e+01
6.000000000000000000e+00 1.975721889938495224e+01
6.099999999999999645e+00 2.021808583826213379e+01
6.200000000000000178e+00 2.067858418113928920e+01
6.299999999999999822e+00 2.113856858196374944e+01
6.400000000000000355e+00 2.159789768880327188e+01
6.500000000000000000e+00 2.205643406815292806e+01
6.599999999999999645e+00 2.251404413045841935e+01
6.700000000000000178e+00 2.297059805683788980e+01
6.799999999999999822e+00 2.342596972698486368e+01
6.900000000000000355e+00 2.388003664823490269e+01
7.000000000000000000e+00 2.433267988577906848e+01
7.099999999999999645e+00 2.478378399400724774e+01
7.200000000000000178e+00 2.523323694896493308e+01
7.299999999999999822e+00 2.568093008190688664e+01
7.400000000000000355e+00 2.612675801393184472e+01
7.500000000000000000e+00 2.657061859168207718e+01
7.599999999999999645e+00 2.701241282409235822e+01
7.700000000000000178e+00 2.745204482017271630e+01
7.799999999999999822e+00 2.788942172780979689e+01
7.900000000000000355e+00 2.832445367357182775e+01
8.000000000000000000e+00 2.875705370350218004e+01
8.099999999999999645e+00 2.918713772488716884e+01
8.199999999999999289e+00 2.961462444898339186e+01
8.300000000000000711e+00 3.003943533469059091e+01
8.400000000000000355e+00 3.046149453315586442e+01
8.500000000000000000e+00 3.088072883329550322e+01
8.599999999999999645e+00 3.129706760822070066e+01
8.699999999999999289e+00 3.171044276255379302e+01
8.800000000000000711e+00 3.212078868062166492e+01
8.900000000000000355e+00 3.252804217551329202e+01
9.000000000000000000e+00 3.293214243898852800e+01
9.099999999999999645e+00 3.333303099222539601e+01
9.199999999999999289e+00 3.373065163739327232e+01
9.300000000000000711e+00 3.412495041003978002e+01
9.400000000000000355e+00 3.451587553227892613e+01
9.500000000000000000e+00 3.490337736676873703e+01
9.599999999999999645e+00 3.528740837146632714e+01
9.700000000000001066e+00 3.566792305514879757e+01
9.800000000000000711e+00 3.604487793368841864e+01
9.900000000000000355e+00 3.641823148707069890e+01
1.000000000000000000e+01 3.678794411714423518e+01
1.009999999999999964e+01 3.715397810609108831e+01
1.020000000000000107e+01 3.751629757560707645e+01
1.030000000000000071e+01 3.787486844678085163e+01
1.040000000000000036e+01 3.822965840066166265e+01
1.050000000000000000e+01 3.858063683950487643e+01
1.059999999999999964e+01 3.892777484868524596e+01
1.070000000000000107e+01 3.927104515926772876e+01
1.080000000000000071e+01 3.961042211122570222e+01
1.090000000000000036e+01 3.994588161729698328e+01
1.100000000000000000e+01 4.027740112746762691e+01
1.109999999999999964e+01 4.060495959407404598e+01
1.120000000000000107e+01 4.092853743751408047e+01
1.130000000000000071e+01 4.124811651255747336e+01
1.140000000000000036e+01 4.156368007524685027e+01
1.150000000000000000e+01 4.187521275037979507e+01
1.159999999999999964e+01 4.218270049956337431e+01
1.170000000000000107e+01 4.248613058983224278e+01
1.180000000000000071e+01 4.278549156282151245e+01
1.190000000000000036e+01 4.308077320448597192e+01
1.200000000000000000e+01 4.337196651535710856e+01
1.209999999999999964e+01 4.365906368132981186e+01
1.220000000000000107e+01 4.394205804497027401e+01
1.230000000000000071e+01 4.422094407733722932e+01
1.240000000000000036e+01 4.449571735030842490e+01
1.250000000000000000e+01 4.476637450940469876e+01
1.259999999999999964e+01 4.503291324710354360e+01
1.270000000000000107e+01 4.529533227663488049e+01
1.280000000000000071e+01 4.555363130625133294e+01
1.290000000000000036e+01 4.580781101396568289e+01
1.300000000000000000e+01 4.605787302274812589e+01
1.309999999999999964e+01 4.630381987617609951e+01
1.320000000000000107e+01 4.654565501452977117e+01
1.330000000000000071e+01 4.678338275132586688e+01
1.340000000000000036e+01 4.701700825028333242e+01
1.350000000000000000e+01 4.724653750271372843e+01
1.359999999999999964e+01 4.747197730532970184e+01
1.370000000000000107e+01 4.769333523846508882e+01
1.380000000000000071e+01 4.791061964470002721e+01
1.390000000000000036e+01 4.812383960788460513e+01
1.400000000000000000e+01 4.833300493255487140e+01
1.409999999999999964e+01 4.853812612373483404e+01
1.420000000000000107e+01 4.873921436711843569e+01
1.430000000000000071e+01 4.893628150962535983e+01
1.440000000000000036e+01 4.912934004032477020e+01
1.450000000000000000e+01 4.931840307172095805e+01
1.459999999999999964e+01 4.950348432139539057e+01
1.470000000000000107e+01 4.968459809399914917e+01
1.480000000000000071e+01 4.986175926359034349e+01
1.490000000000000036e+01 5.003498325631079524e+01
1.500000000000000000e+01 5.020428603339670559e+01
1.509999999999999964e+01 5.036968407451782070e+01
1.520000000000000107e+01 5.053119436143970233e+01
1.530000000000000071e+01 5.068883436200410131e+01
1.540000000000000036e+01 5.084262201442209772e+01
1.550000000000000000e+01 5.099257571187501270e+01
1.559999999999999964e+01 5.113871428741809666e+01
1.570000000000000107e+01 5.128105699918198468e+01
1.580000000000000071e+01 5.141962351586710156e+01
1.590000000000000036e+01 5.155443390252649749e+01
1.600000000000000000e+01 5.168550860663177815e+01
1.610000000000000142e+01 5.181286844441821415e+01
1.620000000000000284e+01 5.193653458750384289e+01
1.630000000000000071e+01 5.205652854977854105e+01
1.640000000000000213e+01 5.217287217455830017e+01
1.650000000000000355e+01 5.228558762200031396e+01
1.660000000000000142e+01 5.239469735677499784e+01
1.670000000000000284e+01 5.250022413599008786e+01
1.680000000000000071e+01 5.260219099736306703e+01
1.690000000000000213e+01 5.270062124763767031e+01
1.700000000000000355e+01 5.279553845124031142e+01
1.710000000000000142e+01 5.288696641917265850e+01
1.720000000000000284e+01 5.297492919813615941e+01
1.730000000000000071e+01 5.305945105988473642e+01
1.740000000000000213e+01 5.314055649080196986e+01
1.750000000000000355e+01 5.321827018169881995e+01
1.760000000000000142e+01 5.329261701782812821e+01
1.770000000000000284e+01 5.336362206911252315e+01
1.780000000000000071e+01 5.343131058058180116e+01
1.790000000000000213e+01 5.349570796301651399e+01
1.800000000000000355e+01 5.355683978379404664e+01
1.810000000000000142e+01 5.361473175793388179e+01
1.820000000000000284e+01 5.366940973933866843e+01
1.830000000000000071e+01 5.372089971222760596e+01
1.840000000000000213e+01 5.376922778275906722e+01
1.850000000000000355e+01 5.381442017083905682e+01
1.860000000000000142e+01 5.385650320211234998e+01
1.870000000000000284e+01 5.389550330013330637e+01
1.880000000000000071e+01 5.393144697871304061e+01
1.890000000000000213e+01 5.396436083444004339e+01
1.900000000000000355e+01 5.399427153937125468e+01
1.910000000000000142e+01 5.402120583389066155e+01
1.920000000000000284e+01 5.404519051973226595e+01
1.930000000000000426e+01 5.406625245316500639e+01
1.940000000000000213e+01 5.408441853833627277e+01
1.950000000000000355e+01 5.409971572077177626e+01
1.960000000000000142e+01 5.411217098102864753e+01
1.970000000000000284e+01 5.412181132849912046e+01
1.980000000000000426e+01 5.412866379536241368e+01
1.990000000000000213e+01 5.413275543068190387e+01
2.000000000000000355e+01 5.413411329464506849e+01
2.010000000000000142e+01 5.413276445294388850e+01
2.020000000000000284e+01 5.412873597129286196e+01
2.030000000000000426e+01 5.412205491008251101e+01
2.040000000000000213e+01 5.411274831916573902e+01
2.050000000000000355e+01 5.410084323277472862e+01
2.060000000000000142e+01 5.408636666456614250e+01
2.070000000000000284e+01 5.406934560279205471e+01
2.080000000000000426e+01 5.404980700559469398e+01
2.090000000000000213e+01 5.402777779642243416e+01
2.100000000000000355e+01 5.400328485956501368e+01
2.110000000000000142e+01 5.397635503580583816e+01
2.120000000000000284e+01 5.394701511818912110e+01
2.130000000000000426e+01 5.391529184789973073e+01
2.140000000000000213e+01 5.388121191025400947e+01
2.150000000000000355e+01 5.384480193079896537e+01
2.160000000000000142e+01 5.380608847151844998e+01
2.170000000000000284e+01 5.376509802714378594e+01
2.180000000000000426e+01 5.372185702156738074e+01
2.190000000000000213e+01 5.367639180435708823e+01
2.200000000000000355e+01 5.362872864736961276e+01
2.210000000000000142e+01 5.357889374146093786e+01
2.220000000000000284e+01 5.352691319329229458e+01
2.230000000000000426e+01 5.347281302222947375e+01
2.240000000000000213e+01 5.341661915733389776e+01
2.250000000000000355e+01 5.335835743444381762e+01
2.260000000000000142e+01 5.329805359334377357e+01
2.270000000000000284e+01 5.323573327502068508e+01
2.280000000000000426e+01 5.317142201900499288e+01
2.290000000000000213e+01 5.310514526079499831e+01
2.300000000000000355e+01 5.303692832936317103e+01
2.310000000000000142e+01 5.296679644474252058e+01
2.320000000000000284e+01 5.289477471569154687e+01
2.330000000000000426e+01 5.282088813743643385e+01
2.340000000000000213e+01 5.274516158948874534e+01
2.350000000000000355e+01 5.266761983353725896e+01
2.360000000000000142e+01 5.258828751141253832e+01
2.370000000000000284e+01 5.250718914312267316e+01
2.380000000000000426e+01 5.242434912495884447e+01
2.390000000000000213e+01 5.233979172766954946e+01
2.400000000000000355e+01 5.225354109470160324e+01
2.410000000000000142e+01 5.216562124050714999e+01
2.420000000000000284e+01 5.207605604891499951e+01
2.430000000000000426e+01 5.198486927156515947e+01
2.440000000000000213e+01 5.189208452640517066e+01
2.450000000000000355e+01 5.179772529624715816e+01
2.460000000000000142e+01 5.170181492738412743e+01
2.470000000000000284e+01 5.160437662826461747e+01
2.480000000000000426e+01 5.150543346822419721e+01
2.490000000000000213e+01 5.140500837627281072e+01
2.500000000000000355e+01 5.130312413993674170e+01
2.510000000000000142e+01 5.119980340415417430e+01
2.520000000000000284e+01 5.109506867022307119e+01
2.530000000000000426e+01 5.098894229480048068e+01
2.540000000000000213e+01 5.088144648895185185e+01
2.550000000000000355e+01 5.077260331724983899e+01
2.560000000000000142e+01 5.066243469692092560e+01
2.570000000000000284e+01 5.055096239703930650e+01
2.580000000000000426e+01 5.043820803776685580e+01
2.590000000000000213e+01 5.032419308963816462e+01
2.600000000000000355e+01 5.020893887288968926e+01
2.610000000000000142e+01 5.009246655683210747e+01
2.620000000000000284e+01 4.997479715926489519e+01
2.630000000000000426e+01 4.985595154593211475e+01
2.640000000000000213e+01 4.973595043001883198e+01
2.650000000000000355e+01 4.961481437168668407e+01
2.660000000000000142e+01 4.949256377764834980e+01
2.670000000000000284e+01 4.936921890077964292e+01
2.680000000000000426e+01 4.924479983976856090e+01
2.690000000000000213e+01 4.911932653880028710e+01
2.700000000000000355e+01 4.899281878727758510e+01
2.710000000000000142e+01 4.886529621957553360e+01
2.720000000000000284e+01 4.873677831482996936e+01
2.730000000000000426e+01 4.860728439675875734e+01
2.740000000000000213e+01 4.847683363351517016e+01
2.750000000000000355e+01 4.834544503757259548e+01
2.760000000000000142e+01 4.821313746563991032e+01
2.770000000000000284e+01 4.807992961860668402e+01
2.780000000000000426e+01 4.794584004151759871e+01
2.790000000000000213e+01 4.781088712357525594e+01
2.800000000000000355e+01 4.767508909817088636e+01
2.810000000000000142e+01 4.753846404294208128e+01
2.820000000000000284e+01 4.740102987985692806e+01
2.830000000000000426e+01 4.726280437532407319e+01
2.840000000000000213e+01 4.712380514032777512e+01
2.850000000000000355e+01 4.698404963058753481e+01
2.860000000000000142e+01 4.684355514674165732e+01
2.870000000000000284e+01 4.670233883455410506e+01
2.880000000000000426e+01 4.656041768514387513e+01
2.890000000000000213e+01 4.641780853523677308e+01
2.900000000000000355e+01 4.627452806743847447e+01
2.910000000000000142e+01 4.613059281052866822e+01
2.920000000000000284e+01 4.598601913977555000e+01
2.930000000000000426e+01 4.584082327727023198e+01
2.940000000000000213e+01 4.569502129228050791e+01
2.950000000000000355e+01 4.554862910162329115e+01
2.960000000000000142e+01 4.540166247005547007e+01
2.970000000000000284e+01 4.525413701068253403e+01
2.980000000000000426e+01 4.510606818538446561e+01
2.990000000000000213e+01 4.495747130525836610e+01
3.000000000000000355e+01 4.480836153107754427e+01
3.010000000000000142e+01 4.465875387376631522e+01
3.020000000000000284e+01 4.450866319489028911e+01
3.030000000000000426e+01 4.435810420716156699e+01
3.040000000000000213e+01 4.420709147495836788e+01
3.050000000000000355e+01 4.405563941485883817e+01
3.060000000000000142e+01 4.390376229618842530e+01
3.070000000000000284e+01 4.375147424158038234e+01
3.080000000000000426e+01 4.359878922754928254e+01
3.090000000000000213e+01 4.344572108507670549e+01
3.100000000000000355e+01 4.329228350020903804e+01
3.110000000000000142e+01 4.313849001466691391e+01
3.120000000000000284e+01 4.298435402646582304e+01
3.130000000000000426e+01 4.282988879054756381e+01
3.140000000000000213e+01 4.267510741942230368e+01
3.150000000000000355e+01 4.252002288382061579e+01
3.160000000000000142e+01 4.236464801335544905e+01
3.170000000000000284e+01 4.220899549719338495e+01
3.180000000000000426e+01 4.205307788473514563e+01
3.190000000000000213e+01 4.189690758630470668e+01
3.200000000000000000e+01 4.174049687384700036e+01
3.210000000000000142e+01 4.158385788163361951e+01
3.220000000000000284e+01 4.142700260697639436e+01
3.230000000000000426e+01 4.126994291094850098e+01
3.240000000000000568e+01 4.111269051911266104e+01
3.250000000000000000e+01 4.095525702225636877e+01
3.260000000000000142e+01 4.079765387713361946e+01
3.270000000000000284e+01 4.063989240721313223e+01
3.280000000000000426e+01 4.048198380343245617e+01
3.290000000000000568e+01 4.032393912495794552e+01
3.300000000000000000e+01 4.016576929995037659e+01
3.310000000000000142e+01 4.000748512633552423e+01
3.320000000000000284e+01 3.984909727258012424e+01
3.330000000000000426e+01 3.969061627847227669e+01
3.340000000000000568e+01 3.953205255590655298e+01
3.350000000000000000e+01 3.937341638967333068e+01
3.360000000000000142e+01 3.921471793825203633e+01
3.370000000000000284e+01 3.905596723460853070e+01
3.380000000000000426e+01 3.889717418699567020e+01
3.390000000000000568e+01 3.873834857975759149e+01
3.400000000000000000e+01 3.857950007413694493e+01
3.410000000000000142e+01 3.842063820908509086e+01
3.420000000000000284e+01 3.826177240207511687e+01
3.430000000000000426e+01 3.810291194991739161e+01
3.440000000000000568e+01 3.794406602957731423e+01
3.450000000000000000e+01 3.778524369899536595e+01
3.460000000000000142e+01 3.762645389790908723e+01
3.470000000000000284e+01 3.746770544867677444e+01
3.480000000000000426e+01 3.730900705710285337e+01
3.490000000000000568e+01 3.715036731326460284e+01
3.500000000000000000e+01 3.699179469234016437e+01
3.510000000000000142e+01 3.683329755543758210e+01
3.520000000000000284e+01 3.667488415042489436e+01
3.530000000000000426e+01 3.651656261276081494e+01
3.540000000000000568e+01 3.635834096632605394e+01
3.550000000000000000e+01 3.620022712425524247e+01
3.560000000000000142e+01 3.604222888976887873e+01
3.570000000000000284e+01 3.588435395700567199e+01
3.580000000000000426e+01 3.572660991185477997e+01
3.590000000000000568e+01 3.556900423278788992e+01
3.600000000000000000e+01 3.541154429169115758e+01
3.610000000000000142e+01 3.525423735469650666e+01
3.620000000000000284e+01 3.509709058301277906e+01
3.630000000000000426e+01 3.494011103375576965e+01
3.640000000000000568e+01 3.478330566077791275e+01
3.650000000000000000e+01 3.462668131549681050e+01
3.660000000000000142e+01 3.447024474772272384e+01
3.670000000000000284e+01 3.431400260648518241e+01
3.680000000000000426e+01 3.415796144085808805e+01
3.690000000000000568e+01 3.400212770078363178e+01
3.700000000000000000e+01 3.384650773789461908e+01
3.710000000000000142e+01 3.369110780633545232e+01
3.720000000000000284e+01 3.353593406358119466e+01
3.730000000000000426e+01 3.338099257125510633e+01
3.740000000000000568e+01 3.322628929594417002e+01
3.750000000000000000e+01 3.307183011001280448e+01
3.760000000000000142e+01 3.291762079241438954e+01
3.770000000000000284e+01 3.276366702950082299e+01
3.780000000000000426e+01 3.260997441582984635e+01
3.790000000000000568e+01 3.245654845496995478e+01
3.800000000000000000e+01 3.230339456030312562e+01
3.810000000000000142e+01 3.215051805582493927e+01
3.820000000000000284e+01 3.199792417694231617e+01
3.830000000000000426e+01 3.184561807126856081e+01
3.840000000000000568e+01 3.169360479941577324e+01
3.850000000000000711e+01 3.154188933578455334e+01
3.860000000000000142e+01 3.139047656935079900e+01
3.870000000000000284e+01 3.123937130444983268e+01
3.880000000000000426e+01 3.108857826155735538e+01
3.890000000000000568e+01 3.093810207806763657e+01
3.900000000000000711e+01 3.078794730906846056e+01
3.910000000000000142e+01 3.063811842811314179e+01
3.920000000000000284e+01 3.048861982798915449e+01
3.930000000000000426e+01 3.033945582148380282e+01
3.940000000000000568e+01 3.019063064214646275e+01
3.950000000000000711e+01 3.004214844504744164e+01
3.960000000000000142e+01 2.989401330753370445e+01
3.970000000000000284e+01 2.974622922998090857e+01
3.980000000000000426e+01 2.959880013654221287e+01
3.990000000000000568e+01 2.945172987589342384e+01
4.000000000000000711e+01 2.930502222197467788e+01
4.010000000000000142e+01 2.915868087472849979e+01
4.020000000000000284e+01 2.901270946083418778e+01
4.030000000000000426e+01 2.886711153443877009e+01
4.040000000000000568e+01 2.872189057788385824e+01
4.050000000000000711e+01 2.857705000242922466e+01
4.060000000000000142e+01 2.843259314897217038e+01
4.070000000000000284e+01 2.828852328876348921e+01
4.080000000000000426e+01 2.814484362411932139e+01
4.090000000000000568e+01 2.800155728912925213e+01
4.100000000000000711e+01 2.785866735036065123e+01
4.110000000000000142e+01 2.771617680755879931e+01
4.120000000000000284e+01 2.757408859434339377e+01
4.130000000000000426e+01 2.743240557890084474e+01
4.140000000000000568e+01 2.729113056467285503e+01
4.150000000000000711e+01 2.715026629104065137e+01
4.160000000000000142e+01 2.700981543400548901e+01
4.170000000000000284e+01 2.686978060686502090e+01
4.180000000000000426e+01 2.673016436088547820e+01
4.190000000000000568e+01 2.659096918597001746e+01
4.200000000000000711e+01 2.645219751132265884e+01
4.210000000000000142e+01 2.631385170610848334e+01
4.220000000000000284e+01 2.617593408010927192e+01
4.230000000000000426e+01 2.603844688437549237e+01
4.240000000000000568e+01 2.590139231187366420e+01
4.250000000000000711e+01 2.576477249812989356e+01
4.260000000000000142e+01 2.562858952186915573e+01
4.270000000000000284e+01 2.549284540565018631e+01
4.280000000000000426e+01 2.535754211649661372e+01
4.290000000000000568e+01 2.522268156652340210e+01
4.300000000000000711e+01 2.508826561355951412e+01
4.310000000000000142e+01 2.495429606176601567e+01
4.320000000000000284e+01 2.482077466225025830e+01
4.330000000000000426e+01 2.468770311367562797e+01
4.340000000000000568e+01 2.455508306286716547e+01
4.350000000000000711e+01 2.442291610541302660e+01
4.360000000000000142e+01 2.429120378626150156e+01
4.370000000000000284e+01 2.415994760031405519e+01
4.380000000000000426e+01 2.402914899301392637e+01
4.390000000000000568e+01 2.389880936093072350e+01
4.400000000000000711e+01 2.376893005234050094e+01
4.410000000000000142e+01 2.363951236780186704e+01
4.420000000000000284e+01 2.351055756072775793e+01
4.430000000000000426e+01 2.338206683795293728e+01
4.440000000000000568e+01 2.325404136029744606e+01
4.450000000000000711e+01 2.312648224312556167e+01
4.460000000000000142e+01 2.299939055690091294e+01
4.470000000000000284e+01 2.287276732773693766e+01
4.480000000000000426e+01 2.274661353794363805e+01
4.490000000000000568e+01 2.262093012656969293e+01
4.500000000000000711e+01 2.249571798994065830e+01
4.510000000000000142e+01 2.237097798219295797e+01
4.520000000000000284e+01 2.224671091580346527e+01
4.530000000000000426e+01 2.212291756211536153e+01
4.540000000000000568e+01 2.199959865185929786e+01
4.550000000000000711e+01 2.187675487567094379e+01
4.560000000000000142e+01 2.175438688460394232e+01
4.570000000000000284e+01 2.163249529063903154e+01
4.580000000000000426e+01 2.151108066718893497e+01
4.590000000000000568e+01 2.139014354959913433e+01
4.600000000000000711e+01 2.126968443564464906e+01
4.610000000000000142e+01 2.114970378602254186e+01
4.620000000000000284e+01 2.103020202484053058e+01
4.630000000000000426e+01 2.091117954010144331e+01
4.640000000000000568e+01 2.079263668418371935e+01
4.650000000000000711e+01 2.067457377431769672e+01
4.660000000000000142e+01 2.055699109305806971e+01
4.670000000000000284e+01 2.043988888875224319e+01
4.680000000000000426e+01 2.032326737600466871e+01
4.690000000000000568e+01 2.020712673613733301e+01
4.700000000000000711e+01 2.009146711764604021e+01
4.710000000000000142e+01 1.997628863665309140e+01
4.720000000000000284e+01 1.986159137735555547e+01
4.730000000000000426e+01 1.974737539247020379e+01
4.740000000000000568e+01 1.963364070367397574e+01
4.750000000000000711e+01 1.952038730204091976e+01
4.760000000000000142e+01 1.940761514847520885e+01
4.770000000000000284e+01 1.929532417414005607e+01
4.780000000000000426e+01 1.918351428088321597e+01
4.790000000000000568e+01 1.907218534165821211e+01
4.800000000000000711e+01 1.896133720094213970e+01
4.810000000000000142e+01 1.885096967514938271e+01
4.820000000000000284e+01 1.874108255304178883e+01
4.830000000000000426e+01 1.863167559613493296e+01
4.840000000000000568e+01 1.852274853910071784e+01
4.850000000000000711e+01 1.841430109016631533e+01
4.860000000000000142e+01 1.830633293150922114e+01
4.870000000000000284e+01 1.819884371964885261e+01
4.880000000000000426e+01 1.809183308583430971e+01
4.890000000000000568e+01 1.798530063642864363e+01
4.900000000000000711e+01 1.787924595328934174e+01
4.910000000000000142e+01 1.777366859414531675e+01
4.920000000000000284e+01 1.766856809297031816e+01
4.930000000000000426e+01 1.756394396035266325e+01
4.940000000000000568e+01 1.745979568386161063e+01
4.950000000000000711e+01 1.735612272840994308e+01
4.960000000000000142e+01 1.725292453661336012e+01
4.970000000000000284e+01 1.715020052914601578e+01
4.980000000000000426e+01 1.704795010509299757e+01
4.990000000000000568e+01 1.694617264229897913e+01
5.000000000000000711e+01 1.684486749771365766e+01
5.010000000000000142e+01 1.674403400773380213e+01
5.020000000000000284e+01 1.664367148854168477e+01
5.030000000000000426e+01 1.654377923644048565e+01
5.040000000000000568e+01 1.644435652818600602e+01
5.050000000000000711e+01 1.634540262131532984e+01
5.060000000000000142e+01 1.624691675447196815e+01
5.070000000000000284e+01 1.614889814772786636e+01
5.080000000000000426e+01 1.605134600290204361e+01
5.090000000000000568e+01 1.595425950387603642e+01
5.100000000000000711e+01 1.585763781690616625e+01
5.110000000000000142e+01 1.576148009093241953e+01
5.120000000000000284e+01 1.566578545788438070e+01
5.130000000000000426e+01 1.557055303298379556e+01
5.140000000000000568e+01 1.547578191504416978e+01
5.150000000000000711e+01 1.538147118676707414e+01
5.160000000000000142e+01 1.528761991503545126e+01
5.170000000000000284e+01 1.519422715120386513e+01
5.180000000000000426e+01 1.510129193138555159e+01
5.190000000000000568e+01 1.500881327673664423e+01
5.200000000000000711e+01 1.491679019373711768e+01
5.210000000000000142e+01 1.482522167446900774e+01
5.220000000000000284e+01 1.473410669689137187e+01
5.230000000000000426e+01 1.464344422511260824e+01
5.240000000000000568e+01 1.455323320965951872e+01
5.250000000000000711e+01 1.446347258774368250e+01
5.260000000000000142e+01 1.437416128352488620e+01
5.270000000000000284e+01 1.428529820837154318e+01
5.280000000000000426e+01 1.419688226111851392e+01
5.290000000000000568e+01 1.410891232832182496e+01
5.300000000000000711e+01 1.402138728451079253e+01
5.310000000000000142e+01 1.393430599243719037e+01
5.320000000000000284e+01 1.384766730332177431e+01
5.330000000000000426e+01 1.376147005709797000e+01
5.340000000000000568e+01 1.367571308265285346e+01
5.350000000000000711e+01 1.359039519806549379e+01
5.360000000000000142e+01 1.350551521084244833e+01
5.370000000000000284e+01 1.342107191815077094e+01
5.380000000000000426e+01 1.333706410704821366e+01
5.390000000000000568e+01 1.325349055471094850e+01
5.400000000000000711e+01 1.317035002865853777e+01
5.410000000000000142e+01 1.308764128697641027e+01
5.420000000000000284e+01 1.300536307853576190e+01
5.430000000000000426e+01 1.292351414321084846e+01
5.440000000000000568e+01 1.284209321209385735e+01
5.450000000000000711e+01 1.276109900770713068e+01
5.460000000000000142e+01 1.268053024421305963e+01
5.470000000000000284e+01 1.260038562762133729e+01
5.480000000000000426e+01 1.252066385599396448e+01
5.490000000000000568e+01 1.244136361964762827e+01
5.500000000000000711e+01 1.236248360135379443e+01
5.510000000000000142e+01 1.228402247653642831e+01
5.520000000000000284e+01 1.220597891346718455e+01
5.530000000000000426e+01 1.212835157345849701e+01
5.540000000000000568e+01 1.205113911105408242e+01
5.550000000000000711e+01 1.197434017421734254e+01
5.560000000000000142e+01 1.189795340451731853e+01
5.570000000000000284e+01 1.182197743731246931e+01
5.580000000000000426e+01 1.174641090193216364e+01
5.590000000000000568e+01 1.167125242185591283e+01
5.600000000000000711e+01 1.159650061489046813e+01
5.610000000000000142e+01 1.152215409334459650e+01
5.620000000000000284e+01 1.144821146420180291e+01
5.630000000000000426e+01 1.137467132929079128e+01
5.640000000000000568e+01 1.130153228545389332e+01
5.650000000000000711e+01 1.122879292471324497e+01
5.660000000000000142e+01 1.115645183443495547e+01
5.670000000000000284e+01 1.108450759749118220e+01
5.680000000000000426e+01 1.101295879242006492e+01
5.690000000000000568e+01 1.094180399358373990e+01
5.700000000000000711e+01 1.087104177132415650e+01
5.710000000000000142e+01 1.080067069211705899e+01
5.720000000000000284e+01 1.073068931872378684e+01
5.730000000000000426e+01 1.066109621034130406e+01
5.740000000000000568e+01 1.059188992275006491e+01
5.750000000000000711e+01 1.052306900846008020e+01
5.760000000000000142e+01 1.045463201685503130e+01
5.770000000000000284e+01 1.038657749433436805e+01
5.780000000000000426e+01 1.031890398445372803e+01
5.790000000000000568e+01 1.025161002806325250e+01
5.800000000000000711e+01 1.018469416344423628e+01
5.810000000000000142e+01 1.011815492644379155e+01
5.820000000000000284e+01 1.005199085060780639e+01
5.830000000000000426e+01 9.986200467312023932e+00
5.840000000000000568e+01 9.920782305891361119e+00
5.850000000000000711e+01 9.855734893767483129e+00
5.860000000000000142e+01 9.791056756574549880e+00
5.870000000000000284e+01 9.726746418283305218e+00
5.880000000000000426e+01 9.662802401323377310e+00
5.890000000000000568e+01 9.599223226703962553e+00
5.900000000000000711e+01 9.536007414132692261e+00
5.910000000000000142e+01 9.473153482132941505e+00
5.920000000000000284e+01 9.410659948159437960e+00
5.930000000000000426e+01 9.348525328712200988e+00
5.940000000000000568e+01 9.286748139448929962e+00
5.950000000000000711e+01 9.225326895295680174e+00
5.960000000000000142e+01 9.164260110556067929e+00
5.970000000000000284e+01 9.103546299018747234e+00
5.980000000000000426e+01 9.043183974063508046e+00
5.990000000000000568e+01 8.983171648765639006e+00
6.000000000000000711e+01 8.923507835998885085e+00
6.010000000000000142e+01 8.864191048536872231e+00
6.020000000000000284e+01 8.805219799152935067e+00
6.030000000000000426e+01 8.746592600718614108e+00
6.040000000000000568e+01 8.688307966300516938e+00
6.050000000000000711e+01 8.630364409255868452e+00
6.060000000000000142e+01 8.572760443326487234e+00
6.070000000000000284e+01 8.515494582731440332e+00
6.080000000000000426e+01 8.458565342258209441e+00
6.090000000000000568e+01 8.401971237352501731e+00
6.100000000000000711e+01 8.345710784206668009e+00
6.110000000000000142e+01 8.289782499846719332e+00
6.120000000000000284e+01 8.234184902218020241e+00
6.130000000000000426e+01 8.178916510269614193e+00
6.140000000000000568e+01 8.123975844037270022e+00
6.150000000000000711e+01 8.069361424725123300e+00
6.160000000000000142e+01 8.015071774786088454e+00
6.170000000000000284e+01 7.961105418000968825e+00
6.180000000000000426e+01 7.907460879556263755e+00
6.190000000000000568e+01 7.854136686120756217e+00
6.200000000000000711e+01 7.801131365920796590e+00
6.210000000000000142e+01 7.748443448814422041e+00
6.220000000000000284e+01 7.696071466364148961e+00
6.230000000000000426e+01 7.644013951908707583e+00
6.240000000000000568e+01 7.592269440633418576e+00
6.250000000000000711e+01 7.540836469639484285e+00
6.260000000000000142e+01 7.489713578012115569e+00
6.270000000000000284e+01 7.438899306887397422e+00
6.280000000000000426e+01 7.388392199518163395e+00
6.290000000000000568e+01 7.338190801338576819e+00
6.300000000000000711e+01 7.288293660027727938e+00
6.310000000000000142e+01 7.238699325572008902e+00
6.320000000000000284e+01 7.189406350326476236e+00
6.330000000000000426e+01 7.140413289075076442e+00
6.340000000000000568e+01 7.091718699089817335e+00
6.350000000000000711e+01 7.043321140188894880e+00
6.360000000000000142e+01 6.995219174793720462e+00
6.370000000000000284e+01 6.947411367984967612e+00
6.380000000000000426e+01 6.899896287557538699e+00
6.390000000000000568e+01 6.852672504074586612e+00
6.400000000000000000e+01 6.805738590920433317e+00
6.409999999999999432e+01 6.759093124352602899e+00
6.420000000000000284e+01 6.712734683552769255e+00
6.429999999999999716e+01 6.666661850676848466e+00
6.439999999999999147e+01 6.620873210904013817e+00
6.450000000000000000e+01 6.575367352484846606e+00
6.459999999999999432e+01 6.530142866788525069e+00
6.470000000000000284e+01 6.485198348349034525e+00
6.479999999999999716e+01 6.440532394910598590e+00
6.489999999999999147e+01 6.396143607472010828e+00
6.500000000000000000e+01 6.352030590330243420e+00
6.509999999999999432e+01 6.308191951123091279e+00
6.520000000000000284e+01 6.264626300870926201e+00
6.529999999999999716e+01 6.221332254017649888e+00
6.539999999999999147e+01 6.178308428470710822e+00
6.550000000000000000e+01 6.135553445640358206e+00
6.559999999999999432e+01 6.093065930478019254e+00
6.570000000000000284e+01 6.050844511513834512e+00
6.579999999999999716e+01 6.008887820893430209e+00
6.589999999999999147e+01 5.967194494413837980e+00
6.600000000000000000e+01 5.925763171558625864e+00
6.609999999999999432e+01 5.884592495532292133e+00
6.620000000000000284e+01 5.843681113293810903e+00
6.629999999999999716e+01 5.803027675589462753e+00
6.639999999999999147e+01 5.762630836984882876e+00
6.650000000000000000e+01 5.722489255896346272e+00
6.659999999999999432e+01 5.682601594621397467e+00
6.670000000000000284e+01 5.642966519368594724e+00
6.679999999999999716e+01 5.603582700286707130e+00
6.689999999999999147e+01 5.564448811493060809e+00
6.700000000000000000e+01 5.525563531101256309e+00
6.709999999999999432e+01 5.486925541248178995e+00
6.720000000000000284e+01 5.448533528120273139e+00
6.729999999999999716e+01 5.410386181979248477e+00
6.739999999999999147e+01 5.372482197186962516e+00
6.750000000000000000e+01 5.334820272229788607e+00
6.759999999999999432e+01 5.297399109742245038e+00
6.770000000000000284e+01 5.260217416529993528e+00
6.779999999999999716e+01 5.223273903592236422e+00
6.789999999999999147e+01 5.186567286143414890e+00
6.800000000000000000e+01 5.150096283634370664e+00
6.809999999999999432e+01 5.113859619772841647e+00
6.820000000000000284e+01 5.077856022543352665e+00
6.829999999999999716e+01 5.042084224226543121e+00
6.839999999999999147e+01 5.006542961417870252e+00
6.850000000000000000e+01 4.971230975045733302e+00
6.859999999999999432e+01 4.936147010389070111e+00
6.870000000000000284e+01 4.901289817094318657e+00
6.879999999999999716e+01 4.866658149191872340e+00
6.889999999999999147e+01 4.832250765111959723e+00
6.900000000000000000e+01 4.798066427699958503e+00
6.909999999999999432e+01 4.764103904231261843e+00
6.920000000000000284e+01 4.730361966425467024e+00
6.929999999999999716e+01 4.696839390460198160e+00
6.939999999999999147e+01 4.663534956984292101e+00
6.950000000000000000e+01 4.630447451130539349e+00
6.959999999999999432e+01 4.597575662527916940e+00
6.970000000000000284e+01 4.564918385313275984e+00
6.979999999999999716e+01 4.532474418142643735e+00
6.989999999999999147e+01 4.500242564201903051e+00
7.000000000000000000e+01 4.468221631217129897e+00
7.009999999999999432e+01 4.436410431464385518e+00
7.020000000000000284e+01 4.404807781779057407e+00
7.029999999999999716e+01 4.373412503564772180e+00
7.039999999999999147e+01 4.342223422801810173e+00
7.050000000000000000e+01 4.311239370055129250e+00
7.059999999999999432e+01 4.280459180481926751e+00
7.070000000000000284e+01 4.249881693838755581e+00
7.079999999999999716e+01 4.219505754488249494e+00
7.089999999999999147e+01 4.189330211405399851e+00
7.100000000000000000e+01 4.159353918183424703e+00
7.109999999999999432e+01 4.129575733039263064e+00
7.120000000000000284e+01 4.099994518818615319e+00
7.129999999999999716e+01 4.070609143000635477e+00
7.139999999999999147e+01 4.041418477702203305e+00
7.150000000000000000e+01 4.012421399681810108e+00
7.159999999999999432e+01 3.983616790343127878e+00
7.170000000000000284e+01 3.955003535738090381e+00
7.179999999999999716e+01 3.926580526569733554e+00
7.189999999999999147e+01 3.898346658194578040e+00
7.200000000000000000e+01 3.870300830624704869e+00
7.209999999999999432e+01 3.842441948529478957e+00
7.220000000000000284e+01 3.814768921236880495e+00
7.229999999999999716e+01 3.787280662734585857e+00
7.239999999999999147e+01 3.759976091670597320e+00
7.250000000000000000e+01 3.732854131353648519e+00
7.259999999999999432e+01 3.705913709753224872e+00
7.270000000000000284e+01 3.679153759499272702e+00
7.279999999999999716e+01 3.652573217881614820e+00
7.289999999999999147e+01 3.626171026849017931e+00
7.300000000000000000e+01 3.599946133007996707e+00
7.309999999999999432e+01 3.573897487621296332e+00
7.320000000000000284e+01 3.548024046606068183e+00
7.329999999999999716e+01 3.522324770531779503e+00
7.339999999999999147e+01 3.496798624617818874e+00
7.350000000000000000e+01 3.471444578730812580e+00
7.359999999999999432e+01 3.446261607381703396e+00
7.370000000000000284e+01 3.421248689722502068e+00
7.379999999999999716e+01 3.396404809542814096e+00
7.389999999999999147e+01 3.371728955266078298e+00
7.400000000000000000e+01 3.347220119945538030e+00
7.409999999999999432e+01 3.322877301260018346e+00
7.420000000000000284e+01 3.298699501509340326e+00
7.429999999999999716e+01 3.274685727609611074e+00
7.439999999999999147e+01 3.250834991088177528e+00
7.450000000000000000e+01 3.227146308078391979e+00
7.459999999999999432e+01 3.203618699314132012e+00
7.470000000000000284e+01 3.180251190124061100e+00
7.479999999999999716e+01 3.157042810425735979e+00
7.489999999999999147e+01 3.133992594719383185e+00
7.500000000000000000e+01 3.111099582081564119e+00
7.509999999999999432e+01 3.088362816158558122e+00
7.520000000000000284e+01 3.065781345159551030e+00
7.529999999999999716e+01 3.043354221849632779e+00
7.539999999999999147e+01 3.021080503542557416e+00
7.550000000000000000e+01 2.998959252093342354e+00
7.559999999999999432e+01 2.976989533890645134e+00
7.570000000000000284e+01 2.955170419848951457e+00
7.579999999999999716e+01 2.933500985400582017e+00
7.589999999999999147e+01 2.911980310487506607e+00
7.600000000000000000e+01 2.890607479552968151e+00
7.609999999999999432e+01 2.869381581532959746e+00
7.620000000000000284e+01 2.848301709847480545e+00
7.629999999999999716e+01 2.827366962391660188e+00
7.639999999999999147e+01 2.806576441526688281e+00
7.650000000000000000e+01 2.785929254070575567e+00
7.659999999999999432e+01 2.765424511288803178e+00
7.670000000000000284e+01 2.745061328884720986e+00
7.679999999999999716e+01 2.724838826989886886e+00
7.690000000000000568e+01 2.704756130154181815e+00
7.700000000000000000e+01 2.684812367335819072e+00
7.709999999999999432e+01 2.665006671891178680e+00
7.720000000000000284e+01 2.645338181564502289e+00
7.729999999999999716e+01 2.625806038477488613e+00
7.740000000000000568e+01 2.606409389118665931e+00
7.750000000000000000e+01 2.587147384332723288e+00
7.759999999999999432e+01 2.568019179309642297e+00
7.770000000000000284e+01 2.549023933573730361e+00
7.779999999999999716e+01 2.530160810972525542e+00
7.790000000000000568e+01 2.511428979665554895e+00
7.800000000000000000e+01 2.492827612113023061e+00
7.809999999999999432e+01 2.474355885064306371e+00
7.820000000000000284e+01 2.456012979546407848e+00
7.829999999999999716e+01 2.437798080852251026e+00
7.840000000000000568e+01 2.419710378528876049e+00
7.850000000000000000e+01 2.401749066365538088e+00
7.859999999999999432e+01 2.383913342381676070e+00
7.870000000000000284e+01 2.366202408814807701e+00
7.879999999999999716e+01 2.348615472108307678e+00
7.890000000000000568e+01 2.331151742899082890e+00
7.900000000000000000e+01 2.313810436005169446e+00
7.909999999999999432e+01 2.296590770413219129e+00
7.920000000000000284e+01 2.279491969265897033e+00
7.929999999999999716e+01 2.262513259849213476e+00
7.940000000000000568e+01 2.245653873579733339e+00
7.950000000000000000e+01 2.228913045991733455e+00
7.959999999999999432e+01 2.212290016724255626e+00
7.970000000000000284e+01 2.195784029508083268e+00
7.979999999999999716e+01 2.179394332152673641e+00
7.990000000000000568e+01 2.163120176532946193e+00
8.000000000000000000e+01 2.146960818576075791e+00
8.009999999999999432e+01 2.130915518248154950e+00
8.020000000000000284e+01 2.114983539540817858e+00
8.029999999999999716e+01 2.099164150457786704e+00
8.040000000000000568e+01 2.083456623001355368e+00
8.050000000000000000e+01 2.067860233158817618e+00
8.059999999999999432e+01 2.052374260888814916e+00
8.070000000000000284e+01 2.036997990107630052e+00
8.079999999999999716e+01 2.021730708675459898e+00
8.090000000000000568e+01 2.006571708382570485e+00
8.100000000000000000e+01 1.991520284935444973e+00
8.109999999999999432e+01 1.976575737942865008e+00
8.120000000000000284e+01 1.961737370901936561e+00
8.129999999999999716e+01 1.947004491184090469e+00
8.140000000000000568e+01 1.932376410020982149e+00
8.150000000000000000e+01 1.917852442490431519e+00
8.159999999999999432e+01 1.903431907502233456e+00
8.170000000000000284e+01 1.889114127783984465e+00
8.179999999999999716e+01 1.874898429866842964e+00
8.190000000000000568e+01 1.860784144071260249e+00
8.200000000000000000e+01 1.846770604492686374e+00
8.209999999999999432e+01 1.832857148987195872e+00
8.220000000000000284e+01 1.819043119157145227e+00
8.229999999999999716e+01 1.805327860336755297e+00
8.240000000000000568e+01 1.791710721577665977e+00
8.250000000000000000e+01 1.778191055634474660e+00
8.259999999999999432e+01 1.764768218950245826e+00
8.270000000000000284e+01 1.751441571641987549e+00
8.279999999999999716e+01 1.738210477486105798e+00
8.290000000000000568e+01 1.725074303903840534e+00
8.300000000000000000e+01 1.712032421946680261e+00
8.309999999999999432e+01 1.699084206281743947e+00
8.320000000000000284e+01 1.686229035177147617e+00
8.329999999999999716e+01 1.673466290487383157e+00
8.340000000000000568e+01 1.660795357638630509e+00
8.350000000000000000e+01 1.648215625614090296e+00
8.359999999999999432e+01 1.635726486939293789e+00
8.370000000000000284e+01 1.623327337667394676e+00
8.379999999999999716e+01 1.611017577364466158e+00
8.390000000000000568e+01 1.598796609094748966e+00
8.400000000000000000e+01 1.586663839405952903e+00
8.409999999999999432e+01 1.574618678314486875e+00
8.420000000000000284e+01 1.562660539290724460e+00
8.429999999999999716e+01 1.550788839244245043e+00
8.440000000000000568e+01 1.539002998509076514e+00
8.450000000000000000e+01 1.527302440828944841e+00
8.459999999999999432e+01 1.515686593342486788e+00
8.470000000000000284e+01 1.504154886568507710e+00
8.479999999999999716e+01 1.492706754391215362e+00
8.490000000000000568e+01 1.481341634045444611e+00
8.500000000000000000e+01 1.470058966101904119e+00
8.509999999999999432e+01 1.458858194452420820e+00
8.520000000000000284e+01 1.447738766295182167e+00
8.529999999999999716e+01 1.436700132119988371e+00
8.540000000000000568e+01 1.425741745693509310e+00
8.550000000000000000e+01 1.414863064044555419e+00
8.559999999999999432e+01 1.404063547449341254e+00
8.570000000000000284e+01 1.393342659416763052e+00
8.579999999999999716e+01 1.382699866673708922e+00
8.590000000000000568e+01 1.372134639150341062e+00
8.600000000000000000e+01 1.361646449965415728e+00
8.609999999999999432e+01 1.351234775411609856e+00
8.620000000000000284e+01 1.340899094940856129e+00
8.629999999999999716e+01 1.330638891149704905e+00
8.640000000000000568e+01 1.320453649764669946e+00
8.650000000000000000e+01 1.310342859627639633e+00
8.659999999999999432e+01 1.300306012681254009e+00
8.670000000000000284e+01 1.290342603954330869e+00
8.679999999999999716e+01 1.280452131547296979e+00
8.690000000000000568e+01 1.270634096617641928e+00
8.700000000000000000e+01 1.260888003365398191e+00
8.709999999999999432e+01 1.251213359018612747e+00
8.720000000000000284e+01 1.241609673818881099e+00
8.729999999999999716e+01 1.232076461006877066e+00
8.740000000000000568e+01 1.222613236807902348e+00
8.750000000000000000e+01 1.213219520417470498e+00
8.759999999999999432e+01 1.203894833986912216e+00
8.770000000000000284e+01 1.194638702609000180e+00
8.779999999999999716e+01 1.185450654303600748e+00
8.790000000000000568e+01 1.176330220003351412e+00
8.800000000000000000e+01 1.167276933539370010e+00
8.809999999999999432e+01 1.158290331626975922e+00
8.820000000000000284e+01 1.149369953851445469e+00
8.829999999999999716e+01 1.140515342653812825e+00
8.840000000000000568e+01 1.131726043316666486e+00
8.850000000000000000e+01 1.123001603949997262e+00
8.859999999999999432e+01 1.114341575477070911e+00
8.870000000000000284e+01 1.105745511620326083e+00
8.879999999999999716e+01 1.097212968887316009e+00
8.890000000000000568e+01 1.088743506556649754e+00
8.900000000000000000e+01 1.080336686664012280e+00
8.909999999999999432e+01 1.071992073988172089e+00
8.920000000000000284e+01 1.063709236037046812e+00
8.929999999999999716e+01 1.055487743033792336e+00
8.940000000000000568e+01 1.047327167902927680e+00
8.950000000000000000e+01 1.039227086256501398e+00
8.959999999999999432e+01 1.031187076380264411e+00
8.970000000000000284e+01 1.023206719219916794e+00
8.979999999999999716e+01 1.015285598367365427e+00
8.990000000000000568e+01 1.007423300047014525e+00
9.000000000000000000e+01 9.996194131021044482e-01
9.009999999999999432e+01 9.918735289810822753e-01
9.020000000000000284e+01 9.841852417240073425e-01
9.029999999999999716e+01 9.765541479489930898e-01
9.040000000000000568e+01 9.689798468386895403e-01
9.050000000000000000e+01 9.614619401268058585e-01
9.059999999999999432e+01 9.540000320846604431e-01
9.070000000000000284e+01 9.465937295077737623e-01
9.079999999999999716e+01 9.392426417025171448e-01
9.090000000000000568e+01 9.319463804727703415e-01
9.100000000000000000e+01 9.247045601066404830e-01
9.109999999999999432e+01 9.175167973632145646e-01
9.120000000000000284e+01 9.103827114593487924e-01
9.129999999999999716e+01 9.033019240565092201e-01
9.140000000000000568e+01 8.962740592476282631e-01
9.150000000000000000e+01 8.892987435440392607e-01
9.159999999999999432e+01 8.823756058624158127e-01
9.170000000000000284e+01 8.755042775117753973e-01
9.179999999999999716e+01 8.686843921805158519e-01
9.190000000000000568e+01 8.619155859234949313e-01
9.200000000000000000e+01 8.551974971491587141e-01
9.209999999999999432e+01 8.485297666066923261e-01
9.220000000000000284e+01 8.419120373732404961e-01
9.229999999999999716e+01 8.353439548411555338e-01
9.240000000000000568e+01 8.288251667052840554e-01
9.250000000000000000e+01 8.223553229503083317e-01
9.259999999999999432e+01 8.159340758381253833e-01
9.270000000000000284e+01 8.095610798952708187e-01
9.279999999999999716e+01 8.032359919003847493e-01
9.290000000000000568e+01 7.969584708717237787e-01
9.300000000000000000e+01 7.907281780547206207e-01
9.309999999999999432e+01 7.845447769095782453e-01
9.320000000000000284e+01 7.784079330989127632e-01
9.329999999999999716e+01 7.723173144754544861e-01
9.340000000000000568e+01 7.662725910697694154e-01
9.350000000000000000e+01 7.602734350780439021e-01
9.359999999999999432e+01 7.543195208499090532e-01
9.370000000000000284e+01 7.484105248763083251e-01
9.379999999999999716e+01 7.425461257774179646e-01
9.390000000000000568e+01 7.367260042905957595e-01
9.400000000000000000e+01 7.309498432584023986e-01
9.409999999999999432e+01 7.252173276166417049e-01
9.420000000000000284e+01 7.195281443824637080e-01
9.429999999999999716e+01 7.138819826425067960e-01
9.440000000000000568e+01 7.082785335410883842e-01
9.450000000000000000e+01 7.027174902684445446e-01
9.459999999999999432e+01 6.971985480490023868e-01
9.470000000000000284e+01 6.917214041297190530e-01
9.479999999999999716e+01 6.862857577684545740e-01
9.490000000000000568e+01 6.808913102223899116e-01
9.500000000000000000e+01 6.755377647364978477e-01
9.509999999999999432e+01 6.702248265320583931e-01
9.520000000000000284e+01 6.649522027952198266e-01
9.529999999999999716e+01 6.597196026656066969e-01
9.540000000000000568e+01 6.545267372249754523e-01
9.550000000000000000e+01 6.493733194859196978e-01
9.559999999999999432e+01 6.442590643806144213e-01
9.570000000000000284e+01 6.391836887496112896e-01
9.579999999999999716e+01 6.341469113306912320e-01
9.590000000000000568e+01 6.291484527477436695e-01
9.600000000000000000e+01 6.241880354997095814e-01
9.609999999999999432e+01 6.192653839495642076e-01
9.620000000000000284e+01 6.143802243133487107e-01
9.629999999999999716e+01 6.095322846492519098e-01
9.640000000000000568e+01 6.047212948467267646e-01
9.650000000000000000e+01 5.999469866156762476e-01
9.659999999999999432e+01 5.952090934756631979e-01
9.670000000000000284e+01 5.905073507451817916e-01
9.679999999999999716e+01 5.858414955309717564e-01
9.690000000000000568e+01 5.812112667173785496e-01
9.700000000000000000e+01 5.766164049557670479e-01
9.709999999999999432e+01 5.720566526539678787e-01
9.720000000000000284e+01 5.675317539657894761e-01
9.729999999999999716e+01 5.630414547805664416e-01
9.740000000000000568e+01 5.585855027127533123e-01
9.750000000000000000e+01 5.541636470915716206e-01
9.759999999999999432e+01 5.497756389507010288e-01
9.770000000000000284e+01 5.454212310180183154e-01
9.779999999999999716e+01 5.411001777053809914e-01
9.790000000000000568e+01 5.368122350984613211e-01
9.800000000000000000e+01 5.325571609466274170e-01
9.809999999999999432e+01 5.283347146528657445e-01
9.820000000000000284e+01 5.241446572637536994e-01
9.829999999999999716e+01 5.199867514594866957e-01
9.840000000000000568e+01 5.158607615439366745e-01
9.850000000000000000e+01 5.117664534347692307e-01
9.859999999999999432e+01 5.077035946536035960e-01
9.870000000000000284e+01 5.036719543162179180e-01
9.879999999999999716e+01 4.996713031228062207e-01
9.890000000000000568e+01 4.957014133482698370e-01
9.900000000000000000e+01 4.917620588325739561e-01
9.909999999999999432e+01 4.878530149711318709e-01
9.920000000000000284e+01 4.839740587052472343e-01
9.929999999999999716e+01 4.801249685125980049e-01
9.940000000000000568e+01 4.763055243977672437e-01
9.950000000000000000e+01 4.725155078828237043e-01
9.959999999999999432e+01 4.687547019979367291e-01
9.970000000000000284e+01 4.650228912720534291e-01
9.979999999999999716e+01 4.613198617236110577e-01
9.990000000000000568e+01 4.576454008512954585e-01
